image: sim_map.pgm
resolution: 0.1000
origin: [0.00000, 5.00000, -1.570700]
negate: 0
occupied_thresh: 0.5
free_thresh: 0.1

